Killer: 1
Nk: 46
mu: [10.66803167 38.06038188 23.64095605 25.58779429 17.16500402 74.06835055
  0.48421802  4.62534464]
sigma:
[[ 1.34535400e+01 -1.89592667e-01  1.14135629e-01  3.33259614e+01
   1.28592162e+01 -3.63317559e+01  1.19047390e+00  4.87051039e+00]
 [-1.89592667e-01  3.52123235e-03 -1.77582262e-03 -6.37486104e-01
  -1.82323921e-01  6.63866490e-01 -1.93451633e-02 -7.05514566e-02]
 [ 1.14135629e-01 -1.77582262e-03  1.30430420e-03  3.38121908e-01
   1.34243239e-01 -3.34250255e-01  1.04081212e-02  4.63051831e-02]
 [ 3.33259614e+01 -6.37486104e-01  3.38121908e-01  1.88187633e+02
   3.04913585e+01 -1.41612013e+02  2.85902834e+00  1.23548858e+01]
 [ 1.28592162e+01 -1.82323921e-01  1.34243239e-01  3.04913585e+01
   2.37704115e+01 -3.53151884e+01  1.27899069e+00  5.72737314e+00]
 [-3.63317559e+01  6.63866490e-01 -3.34250255e-01 -1.41612013e+02
  -3.53151884e+01  1.81639492e+02 -3.32129677e+00 -1.30886182e+01]
 [ 1.19047390e+00 -1.93451633e-02  1.04081212e-02  2.85902834e+00
   1.27899069e+00 -3.32129677e+00  1.75408066e-01  4.69607031e-01]
 [ 4.87051039e+00 -7.05514566e-02  4.63051831e-02  1.23548858e+01
   5.72737314e+00 -1.30886182e+01  4.69607031e-01  2.06757903e+00]]
loglik (ours): -363.958120
loglik (lib) : -363.958120
|diff|       : 2.444267e-12

Killer: 2
Nk: 171
mu: [11.68214398 37.94425004 23.64448717 16.79867024 27.29288803 47.10466793
  3.04664759  6.22033097]
sigma:
[[ 3.06856677e+00 -5.47931403e-02  2.77133485e-03  3.01923241e+00
  -2.57937812e-01 -9.85148888e+00  1.35248655e-01  1.05947984e-01]
 [-5.47931403e-02  3.83616981e-03 -1.26247636e-05 -5.21145637e-02
  -1.31679546e-01  8.69865205e-01 -5.32143538e-02 -2.30674859e-02]
 [ 2.77133485e-03 -1.26247636e-05  3.19073328e-04 -9.83450057e-04
   6.47080511e-03 -2.58267843e-02  9.49469759e-04  1.87517977e-03]
 [ 3.01923241e+00 -5.21145637e-02 -9.83450057e-04  2.69932372e+01
  -8.38923176e+00 -5.09617894e+00 -1.83878065e+00 -7.56005610e-01]
 [-2.57937812e-01 -1.31679546e-01  6.47080511e-03 -8.38923176e+00
   2.29023657e+01 -3.89062519e+01  5.13314976e+00  2.23498315e+00]
 [-9.85148888e+00  8.69865205e-01 -2.58267843e-02 -5.09617894e+00
  -3.89062519e+01  2.59855549e+02 -1.41184910e+01 -6.13264228e+00]
 [ 1.35248655e-01 -5.32143538e-02  9.49469759e-04 -1.83878065e+00
   5.13314976e+00 -1.41184910e+01  1.76042167e+00  7.19574740e-01]
 [ 1.05947984e-01 -2.30674859e-02  1.87517977e-03 -7.56005610e-01
   2.23498315e+00 -6.13264228e+00  7.19574740e-01  5.15708046e-01]]
loglik (ours): -1468.944899
loglik (lib) : -1468.944899
|diff|       : 8.185452e-12

Killer: 3
Nk: 1350
mu: [ 9.36758053 37.9630604  23.61004568 69.57044545 12.86484918 54.35432162
  0.25688318  3.23047512]
sigma:
[[ 1.00042839e+01  1.37272529e-02  8.18267545e-02 -1.91458802e+01
   7.77149236e+00  2.66770881e+00  3.20640646e-01  3.02991753e+00]
 [ 1.37272529e-02  1.44784685e-03  3.50092341e-04 -1.14192339e-01
  -2.85687890e-02  3.03363798e-01 -3.25595777e-03  5.32536077e-03]
 [ 8.18267545e-02  3.50092341e-04  1.20102043e-03 -2.31198442e-01
   8.32735422e-02  6.77804615e-02  3.18706401e-03  3.37923438e-02]
 [-1.91458802e+01 -1.14192339e-01 -2.31198442e-01  1.34672196e+02
  -2.55997823e+01 -2.36673604e+01 -1.14705000e+00 -8.91463411e+00]
 [ 7.77149236e+00 -2.85687890e-02  8.32735422e-02 -2.55997823e+01
   1.88781773e+01 -8.54776751e+00  5.55653077e-01  3.42144442e+00]
 [ 2.66770881e+00  3.03363798e-01  6.77804615e-02 -2.36673604e+01
  -8.54776751e+00  1.35033443e+02 -8.65194063e-01  5.26453300e-01]
 [ 3.20640646e-01 -3.25595777e-03  3.18706401e-03 -1.14705000e+00
   5.55653077e-01 -8.65194063e-01  4.96939590e-02  1.54728656e-01]
 [ 3.02991753e+00  5.32536077e-03  3.37923438e-02 -8.91463411e+00
   3.42144442e+00  5.26453300e-01  1.54728656e-01  1.40275783e+00]]
loglik (ours): -11143.877424
loglik (lib) : -11143.877424
|diff|       : 2.546585e-11

Killer: 4
Nk: 123
mu: [16.68990479 37.86287976 23.68765084 88.54920383 16.54424627 31.8698404
  0.45767115  5.66742244]
sigma:
[[ 2.80253386e+01 -2.08719392e-02  8.03193166e-03  8.31246337e-01
  -4.96324197e-01 -2.63871903e+00 -2.10871933e-01 -8.80674873e-03]
 [-2.08719392e-02  2.92861248e-03  1.16602423e-03 -1.20283342e-01
   8.22512652e-02  5.76684489e-01  2.43652978e-03  4.16859244e-02]
 [ 8.03193166e-03  1.16602423e-03  2.00207482e-03  1.12024585e-02
   8.81631898e-02  1.91089976e-01  2.38005840e-03  5.81113864e-02]
 [ 8.31246337e-01 -1.20283342e-01  1.12024585e-02  2.89524819e+01
  -8.71534939e-01 -2.42887678e+01 -2.06695892e-01  1.88677598e-01]
 [-4.96324197e-01  8.22512652e-02  8.81631898e-02 -8.71534939e-01
   1.28495225e+01  1.66609024e+01  3.23165358e-01  3.24954390e+00]
 [-2.63871903e+00  5.76684489e-01  1.91089976e-01 -2.42887678e+01
   1.66609024e+01  1.92084968e+02  2.00338171e-01  7.15967390e+00]
 [-2.10871933e-01  2.43652978e-03  2.38005840e-03 -2.06695892e-01
   3.23165358e-01  2.00338171e-01  7.29005096e-02  1.30864858e-01]
 [-8.80674873e-03  4.16859244e-02  5.81113864e-02  1.88677598e-01
   3.24954390e+00  7.15967390e+00  1.30864858e-01  2.05152466e+00]]
loglik (ours): -1176.827720
loglik (lib) : -1176.827720
|diff|       : 5.684342e-12

Killer: 5
Nk: 133
mu: [ 7.27227696 37.94746559 23.57954548 71.79615782 11.18632295 51.25609545
  0.27252023  2.25893698]
sigma:
[[ 1.52917791e+01 -3.49661641e-03  2.21520730e-02  9.85579723e+00
  -8.00508079e-01  1.17150035e+00 -2.11669117e-01  6.28505725e-01]
 [-3.49661641e-03  2.74709525e-03  2.08872482e-04  1.15289141e-01
  -1.20934656e-01  6.22201405e-01 -1.21363172e-02 -1.42439823e-02]
 [ 2.21520730e-02  2.08872482e-04  7.98240744e-04  2.14238854e-01
  -1.12015108e-03  4.63938644e-02 -1.88247281e-03  1.47907017e-02]
 [ 9.85579723e+00  1.15289141e-01  2.14238854e-01  2.71877018e+02
  -3.50290889e+01  2.51847049e+01 -3.54281570e+00  1.13329756e+00]
 [-8.00508079e-01 -1.20934656e-01 -1.12015108e-03 -3.50290889e+01
   2.15319660e+01 -3.43080297e+01  1.09650768e+00  1.82216986e+00]
 [ 1.17150035e+00  6.22201405e-01  4.63938644e-02  2.51847049e+01
  -3.43080297e+01  2.19034894e+02 -3.00454766e+00 -3.76492764e+00]
 [-2.11669117e-01 -1.21363172e-02 -1.88247281e-03 -3.54281570e+00
   1.09650768e+00 -3.00454766e+00  1.46744630e-01  9.18933977e-02]
 [ 6.28505725e-01 -1.42439823e-02  1.47907017e-02  1.13329756e+00
   1.82216986e+00 -3.76492764e+00  9.18933977e-02  7.03336165e-01]]
loglik (ours): -1330.377969
loglik (lib) : -1330.377969
|diff|       : 1.546141e-11

Killer: 6
Nk: 366
mu: [13.43086837 38.14375598 23.6859771  15.         22.34663647 91.92955879
  0.96679993  6.58328785]
sigma:
[[ 5.47511694e+00 -2.87328660e-02  3.32047862e-02  0.00000000e+00
   4.96048908e+00 -4.10164507e+00  6.66654489e-01  1.68948200e+00]
 [-2.87328660e-02  8.98082822e-04 -1.25343630e-04  0.00000000e+00
  -8.36670185e-02  1.33573338e-01 -1.50461424e-02 -1.75541351e-02]
 [ 3.32047862e-02 -1.25343630e-04  5.87853260e-04  0.00000000e+00
   4.03499286e-02 -2.66234022e-02  5.30834201e-03  1.52965885e-02]
 [ 0.00000000e+00  0.00000000e+00  0.00000000e+00  0.00000000e+00
   0.00000000e+00  0.00000000e+00  0.00000000e+00  0.00000000e+00]
 [ 4.96048908e+00 -8.36670185e-02  4.03499286e-02  0.00000000e+00
   1.97539015e+01 -1.64143059e+01  2.07846140e+00  3.12696905e+00]
 [-4.10164507e+00  1.33573338e-01 -2.66234022e-02  0.00000000e+00
  -1.64143059e+01  6.65308661e+01 -3.17165656e+00 -3.21790780e+00]
 [ 6.66654489e-01 -1.50461424e-02  5.30834201e-03  0.00000000e+00
   2.07846140e+00 -3.17165656e+00  4.35693720e-01  4.70769455e-01]
 [ 1.68948200e+00 -1.75541351e-02  1.52965885e-02  0.00000000e+00
   3.12696905e+00 -3.21790780e+00  4.70769455e-01  1.03676017e+00]]
loglik (ours): 506.416136
loglik (lib) : 506.416136
|diff|       : 0.000000e+00

Killer: 7
Nk: 395
mu: [14.24367612 37.81203528 23.65466889 74.38338979 22.39855309 20.91086101
  1.80313365  5.75154801]
sigma:
[[ 2.89727039e+01 -6.73928334e-03  1.06664185e-01  1.28833473e+01
   2.62892467e+00  2.35325497e+00 -1.13380979e-01  3.22702279e+00]
 [-6.73928334e-03  3.73366855e-03  1.35946807e-03 -6.23415201e-01
   6.36548765e-02  5.49754145e-01 -8.60985620e-04  4.41303537e-02]
 [ 1.06664185e-01  1.35946807e-03  3.15777071e-03  1.36668506e-01
   1.11327061e-01  1.81095292e-01  2.30570402e-03  8.94081475e-02]
 [ 1.28833473e+01 -6.23415201e-01  1.36668506e-01  3.68572216e+02
  -2.87594041e+01 -9.60445389e+01 -7.19702753e+00 -1.74777453e+00]
 [ 2.62892467e+00  6.36548765e-02  1.11327061e-01 -2.87594041e+01
   2.01350359e+01  6.88177803e+00  1.95770852e+00  4.51521259e+00]
 [ 2.35325497e+00  5.49754145e-01  1.81095292e-01 -9.60445389e+01
   6.88177803e+00  1.29887783e+02 -7.00156316e-01  5.72343750e+00]
 [-1.13380979e-01 -8.60985620e-04  2.30570402e-03 -7.19702753e+00
   1.95770852e+00 -7.00156316e-01  5.93794236e-01  3.55639839e-01]
 [ 3.22702279e+00  4.41303537e-02  8.94081475e-02 -1.74777453e+00
   4.51521259e+00  5.72343750e+00  3.55639839e-01  3.06172674e+00]]
loglik (ours): -4675.002428
loglik (lib) : -4675.002428
|diff|       : 0.000000e+00

Killer: 8
Nk: 52
mu: [ 8.25748455 37.94144974 23.54975545 74.35111432  8.65973251 52.07671267
  0.13882937  1.41679356]
sigma:
[[ 5.35841151e+01 -6.55745216e-02 -1.31735440e-01 -4.54861221e+01
  -1.40414449e+00  1.14616508e+01  1.07369278e-01 -2.22564049e+00]
 [-6.55745216e-02  2.18272578e-03  8.50998286e-04  2.87146013e-01
  -5.32174374e-02  4.42759286e-01 -3.70589991e-03  1.27471008e-02]
 [-1.31735440e-01  8.50998286e-04  1.39621278e-03  2.00356857e-01
   1.28791095e-02  1.44128941e-01 -8.97415012e-04  2.45528941e-02]
 [-4.54861221e+01  2.87146013e-01  2.00356857e-01  1.82208697e+02
  -1.81494023e+01  4.41980800e+01 -1.12655116e+00  1.69988882e+00]
 [-1.40414449e+00 -5.32174374e-02  1.28791095e-02 -1.81494023e+01
   1.10638023e+01 -1.52078945e+01  2.34088241e-01  6.35479364e-01]
 [ 1.14616508e+01  4.42759286e-01  1.44128941e-01  4.41980800e+01
  -1.52078945e+01  1.84961610e+02 -8.76865619e-01  9.60305406e-01]
 [ 1.07369278e-01 -3.70589991e-03 -8.97415012e-04 -1.12655116e+00
   2.34088241e-01 -8.76865619e-01  1.95024297e-02  1.29120590e-02]
 [-2.22564049e+00  1.27471008e-02  2.45528941e-02  1.69988882e+00
   6.35479364e-01  9.60305406e-01  1.29120590e-02  6.75201808e-01]]
loglik (ours): -471.616513
loglik (lib) : -471.616513
|diff|       : 3.126388e-12

